out.txt:
00000000000000000000000000111101000000000000001000000000010000110000000000001110000000000000000000000000001010100000000000000000
00000000000000000000000001010001000000000110100000000000000000000000000000101001000000000011011100000000000111100000000000000110
00000000000101000000000000000000000000000000000000000000000001000000000000010101000000000001000100000000000000000000000000001111
00000000000101000000000000000000000000000000000000000000000000000000000000100101000000000001110000000000000000000000000000010100
00000000001001100000000000000000000000000000000000000000000000000000000000101011000000000011011000000000000000000000000000100011
00000000001101000000000000000000000000000000000000000000000000000000000000110000000000000011011000000000000000000000000000101011
00000000001111010000000000000000000000000000000000000000000000000000000000101110000000000100010000000000000000000000000000110110
00000000001100010000000000000000000000000000000000000000000001110000000000110110000000000011100100000000000000000000000000111010

 0-th output featuremap Data ERROR!!
output: 0000000000000001 0000000001000101 0000000000000010 0000000001000011 0000000000011010 0000000000000000 0000000000101010 0000000000000000
answer: 0000000000000000 0000000000111101 0000000000000010 0000000001000011 0000000000001110 0000000000000000 0000000000101010 0000000000000000
 1-th output featuremap Data ERROR!!
output: 0000000000000001 0000000001000101 0000000000000010 0000000001000011 0000000000011010 0000000000000000 0000000000101010 0000000000000000
answer: 0000000000000000 0000000001010001 0000000001101000 0000000000000000 0000000000101001 0000000000110111 0000000000011110 0000000000000110
 2-th output featuremap Data ERROR!!
output: 0000000000000001 0000000001000101 0000000000000010 0000000001000011 0000000000011010 0000000000000000 0000000000101010 0000000000000000
answer: 0000000000010100 0000000000000000 0000000000000000 0000000000000100 0000000000010101 0000000000010001 0000000000000000 0000000000001111
 3-th output featuremap Data ERROR!!
output: 0000000000101000 0000000001010001 0000000001101000 0000000000000000 0000000000101001 0000000000110111 0000000000011110 0000000000000110
answer: 0000000000010100 0000000000000000 0000000000000000 0000000000000000 0000000000100101 0000000000011100 0000000000000000 0000000000010100
 4-th output featuremap Data ERROR!!
output: 0000000000010100 0000000000000000 0000000000000000 0000000000010111 0000000000010101 0000000000010001 0000000000000001 0000000000010001
answer: 0000000000100110 0000000000000000 0000000000000000 0000000000000000 0000000000101011 0000000000110110 0000000000000000 0000000000100011
 5-th output featuremap Data ERROR!!
output: 0000000000010100 0000000000000000 0000000000000000 0000000000010110 0000000000100101 0000000000011100 0000000000000011 0000000000010101
answer: 0000000000110100 0000000000000000 0000000000000000 0000000000000000 0000000000110000 0000000000110110 0000000000000000 0000000000101011
 6-th output featuremap Data ERROR!!
output: 0000000000100110 0000000000000000 0000000000000000 0000000000100001 0000000000101011 0000000000110110 0000000000000011 0000000000100101
answer: 0000000000111101 0000000000000000 0000000000000000 0000000000000000 0000000000101110 0000000001000100 0000000000000000 0000000000110110
 7-th output featuremap Data ERROR!!
output: 0000000000110100 0000000000000000 0000000000000000 0000000000101111 0000000000110000 0000000000110110 0000000000000011 0000000000110000
answer: 0000000000110001 0000000000000000 0000000000000000 0000000000000111 0000000000110110 0000000000111001 0000000000000000 0000000000111010