00000000000000110000000000110111000000000100001000000000010001000000000000001000000000000000000000000000000000000000000000010111
00000000000000000000000000101001000000000000000000000000011000110000000001001010000000000000000000000000000100000000000000000101
00000000000001010000000000000000000000000000000000000000011000110000000001111100000000000000000000000000000000000000000000100110
00000000000000000000000000000000000000000000000000000000010001010000000000111001000000000000000000000000000000000000000001000111
00000000000000000000000000111101000000001000101000000000000000000000000001000001000000000000000000000000000000000000000000010101
00000000000000000000000000000101000000000101000000000000000001110000000010010011000000000000000000000000000111100000000000000000
00000000000000000000000000000000000000000100000000000000000010110000000011010001000000000000000000000000000000000000000000000000
00000000000000000000000000000000000000000000000000000000001000110000000001110010000000000000000000000000000000000000000000101100
00000000000000000000000000000000000000000010011100000000000011010000000000101001000000000000000000000000000011000000000000000000
00000000000000000000000000000000000000000000000000000000000000000000000000110101000000000001000100000000000000000000000000000000
00000000000010100000000000100000000000000000000000000000000000000000000001011110000000000000000000000000000000000000000000000000
00000000000000000000000000010101000000000000000000000000000000000000000000111010000000000000010000000000000000000000000000000000
00000000001100110000000000000000000000000000000000000000000101000000000000000000000000000001101100000000100101000000000000000000
00000000010100100000000000000000000000000001100000000000000000000000000000000000000000000111100000000000001111100000000000000000
00000000011010110000000001000100000000000101001000000000000000000000000000000000000000000100101100000000000000000000000000000000
00000000010010110000000000010011000000000000010100000000000000000000000000000000000000000000000000000000000011010000000000000000
