0x0027 0x0054 0x001C 0x0000 0x0000 0x0010 0x4100 0x0000
0x0093 0x0051 0x0000 0x0000 0x0000 0x0019 0x8000 0x0000
0x0091 0x0056 0x0000 0x0000 0x0000 0x0017 0x0000 0x0000


0000 0970 0550 0070 0000 0000 0082 0000
0000 094C 0510 0000 0000 0000 0330 0000
0000 0944 0580 0000 0000 0000 02E0 0000
0000 0774 0926 0000 0000 0000 0060 0000
0000 0778 0938 0000 0000 0000 0060 0000
0000 0778 0930 0000 0000 0000 0070 0000
0000 07E4 0932 0000 0000 0000 0040 0000
0000 07E0 093C 0000 0000 0000 0040 0000

out.txt中:  0000000000000000 0000000000100111 0000000000010101 0000000000001110 0000000000000000 0000000000000000 0000000001000001 0000000000000000
全部读出：0000000001000101 0000000001010111 0000000000101101 0000000000001110 0000000000100011 0000000000111000 0000000001000001 0000000000000000
读出来的全是row0的值，说明ofifo的rd ptr没有移动


my calculus:
00450057002d000e0023003800410000
004c00af00a20000003b002000660000
003b009500ac000000330014005c0000
001c0075009300000027000000460000
001c0076009c00000027000000460000
001c0076009800000027000000470000
00150079009900000027000000440000
00140078009e00000027000000440000

0045 0057 002d 000e 0023 0038 0041 0000
004c 00af 00a2 0000 003b 0020 0066 0000
003b 0095 00ac 0000 0033 0014 005c 0000
001c 0075 0093 0000 0027 0000 0046 0000
001c 0076 009c 0000 0027 0000 0046 0000
001c 0076 0098 0000 0027 0000 0047 0000
0015 0079 0099 0000 0027 0000 0044 0000
0014 0078 009e 0000 0027 0000 0044 0000

my out:
0000000001000101 0000000001010111 0000000000101101 0000000000001110 0000000000100011 0000000000111000 0000000001000001 0000000000000000
0000000001000101 0000000001010111 0000000000101101 0000000000001110 0000000000100011 0000000000111000 0000000001000001 0000000000000000
0000000001000101 0000000001010111 0000000000101101 0000000000001110 0000000000100011 0000000000111000 0000000001000001 0000000000000000
0000000001001100 0000000010101111 0000000010100010 0000000000000000 0000000000111011 0000000000100000 0000000001100110 0000000000000000
0000000000111011 0000000010010101 0000000010101100 0000000000000000 0000000000110011 0000000000010100 0000000001011100 0000000000000000
0000000000011100 0000000001110101 0000000010010011 0000000000000000 0000000000100111 0000000000000000 0000000001000110 0000000000000000
0000000000011100 0000000001110110 0000000010011100 0000000000000000 0000000000100111 0000000000000000 0000000001000110 0000000000000000
0000000000011100 0000000001110110 0000000010011000 0000000000000000 0000000000100111 0000000000000000 0000000001000111 0000000000000000

00000000010001010000000001010111000000000010110100000000000011100000000000100011000000000011100000000000010000010000000000000000
00000000010001010000000001010111000000000010110100000000000011100000000000100011000000000011100000000000010000010000000000000000
00000000010001010000000001010111000000000010110100000000000011100000000000100011000000000011100000000000010000010000000000000000
00000000010011000000000010101111000000001010001000000000000000000000000000111011000000000010000000000000011001100000000000000000
00000000001110110000000010010101000000001010110000000000000000000000000000110011000000000001010000000000010111000000000000000000
00000000000111000000000001110101000000001001001100000000000000000000000000100111000000000000000000000000010001100000000000000000
00000000000111000000000001110110000000001001110000000000000000000000000000100111000000000000000000000000010001100000000000000000
00000000000111000000000001110110000000001001100000000000000000000000000000100111000000000000000000000000010001110000000000000000

out.txt:
0000000000000000 0000000000100111 0000000000010101 0000000000001110 0000000000000000 0000000000000000 0000000001000001 0000000000000000
0000000000000000 0000000010010011 0000000010100010 0000000000000000 0000000000000000 0000000000000000 0000000001100110 0000000000000000
0000000000000000 0000000010010001 0000000010101100 0000000000000000 0000000000000000 0000000000000000 0000000001011100 0000000000000000
0000000000000000 0000000001110101 0000000010010011 0000000000000000 0000000000000000 0000000000000000 0000000001000110 0000000000000000
0000000000000000 0000000001110110 0000000010011100 0000000000000000 0000000000000000 0000000000000000 0000000001000110 0000000000000000
0000000000000000 0000000001110110 0000000010011000 0000000000000000 0000000000000000 0000000000000000 0000000001000111 0000000000000000
0000000000000000 0000000001111001 0000000010011001 0000000000000000 0000000000000000 0000000000000000 0000000001000100 0000000000000000
0000000000000000 0000000001111000 0000000010011110 0000000000000000 0000000000000000 0000000000000000 0000000001000100 0000000000000000


0-th output featuremap Data ERROR!!
final out: 00000000010001010000000001010111000000000010110100000000000011100000000000100011000000000011100000000000010000010000000000000000
answer: 00000000000000000000000000100111000000000001010100000000000011100000000000000000000000000000000000000000010000010000000000000000
 1-th output featuremap Data ERROR!!
final out: 00000000010001010000000001010111000000000010110100000000000011100000000000100011000000000011100000000000010000010000000000000000
answer: 00000000000000000000000010010011000000001010001000000000000000000000000000000000000000000000000000000000011001100000000000000000
 2-th output featuremap Data ERROR!!
final out: 00000000010001010000000001010111000000000010110100000000000011100000000000100011000000000011100000000000010000010000000000000000
answer: 00000000000000000000000010010001000000001010110000000000000000000000000000000000000000000000000000000000010111000000000000000000
 3-th output featuremap Data ERROR!!
final out: 00000000010011000000000010101111000000001010001000000000000000000000000000111011000000000010000000000000011001100000000000000000
answer: 00000000000000000000000001110101000000001001001100000000000000000000000000000000000000000000000000000000010001100000000000000000
 4-th output featuremap Data ERROR!!
final out: 00000000001110110000000010010101000000001010110000000000000000000000000000110011000000000001010000000000010111000000000000000000
answer: 00000000000000000000000001110110000000001001110000000000000000000000000000000000000000000000000000000000010001100000000000000000
 5-th output featuremap Data ERROR!!
final out: 00000000000111000000000001110101000000001001001100000000000000000000000000100111000000000000000000000000010001100000000000000000
answer: 00000000000000000000000001110110000000001001100000000000000000000000000000000000000000000000000000000000010001110000000000000000
 6-th output featuremap Data ERROR!!
final out: 00000000000111000000000001110110000000001001110000000000000000000000000000100111000000000000000000000000010001100000000000000000
answer: 00000000000000000000000001111001000000001001100100000000000000000000000000000000000000000000000000000000010001000000000000000000
 7-th output featuremap Data ERROR!!
final out: 00000000000111000000000001110110000000001001100000000000000000000000000000100111000000000000000000000000010001110000000000000000
answer: 00000000000000000000000001111000000000001001111000000000000000000000000000000000000000000000000000000000010001000000000000000000